
17
38
0 1 8
0 2 7
0 3 5
1 4 6
1 5 9
1 6 4
2 5 8
2 7 6
2 4 3
3 6 7
3 7 10
3 8 6
4 9 5
4 10 7
5 10 9
5 11 6
5 8 4
6 11 8
6 12 5
7 12 7
7 13 6
8 13 7
8 14 4
9 14 5
9 15 8
10 15 7
10 16 6
11 16 9
11 14 5
12 16 4
12 9 6
13 10 5
13 15 7
14 11 3
14 12 6
15 12 4
6 9 5
7 10 6
2 8 5
0 16

Output: 17



Corner case:

CP4 8.11* (FF Killer)
Input:
4 5
0 1 8 
0 2 8 
1 3 8 
2 1 1 
2 3 8 
0 3
Ouput:
16

CP4 Ex 8.5.3.1* (wrong)
Input:
8 16
0 1 1 
0 2 1 
0 3 1 
1 4 1 
1 5 1 
1 6 1 
2 5 1 
3 5 1 
4 1 1 
4 7 1 
5 1 1 
5 2 1 
5 3 1 
5 7 1 
6 1 1 
6 7 1 
0 7
Ouput:
3 

CP4 Ex 8.5.3.1* (correct)
Input:
8 11
0 1 1 
0 2 1 
0 3 1 
1 4 1 
1 5 1 
1 6 1 
2 5 1 
3 5 1 
4 7 1 
5 7 1 
6 7 1 
0 7
Ouput:
2 

Special Case:

CP4 8.17.A* (MC S = {5])
Input:
5 7
0 2 5 
0 3 3 
1 4 99 
2 1 3 
2 3 2 
2 4 99 
3 1 6 
0 4
Ouput:
8 

CP4 8.17.B* (MC T = {t})
Input:
5 7
0 2 99 
0 3 99 
1 4 4 
2 1 3 
2 3 2 
2 4 3 
3 1 6 
0 4
Ouput:
7 

CP4 8.17.C*
Input:
5 7
0 2 99 
0 3 3 
1 4 99 
2 1 3 
2 3 2 
2 4 3 
3 1 6 
0 4
Ouput:
11 

CS4234 MF Demo
Input:
8 15
0 1 10 
0 2 5 
0 3 15 
1 2 4 
1 4 9 
1 5 15 
2 3 4 
2 5 8 
3 6 16 
4 5 15 
4 7 10 
5 6 15 
5 7 10 
6 2 6 
6 7 10
0 7 
Ouput:
28 

CP4 8.15* (Dinic Showcase)
Input:
10 16
0 1 5 
0 2 8 
0 3 3 
0 4 5 
0 5 7 
0 9 7 
1 9 4 
2 9 9 
3 6 1 
4 7 4 
5 6 1 
5 7 2 
5 8 6 
6 9 1 
7 9 6 
8 9 5 
0 9
Ouput:
31 

Matching with Capacity
Input:
6 7
0 1 1 
0 2 3 
1 3 99 
1 4 99 
2 4 99 
3 5 2 
4 5 2 
0 5
Ouput:
3 

waif (AC)
Input:
10 14
0 1 1 
0 2 1 
0 3 1 
0 4 1 
1 5 1 
1 6 1 
2 5 1 
2 6 1 
3 7 1 
4 7 1 
5 8 1 
6 8 1 
7 9 1 
8 9 1 
0 9
Ouput:
2 

Reduction:

CP4 8.20.A* (MVDP/MIP) 
Input:
8 9
0 1 1 
0 3 1 
1 2 1 
2 3 1 
3 4 1 
4 5 1 
4 7 1 
5 6 1 
6 7 1 
0 7
Ouput:
1 

CP4 8.20.B* (MEDP)
Input:
5 6
0 1 1 
0 2 1 
1 2 1 
2 3 1 
2 4 1 
3 4 1 
0 4
Ouput:
2 

CP4 8.29* (MWVC)
Input:
8 11
0 1 2 
0 2 3 
0 3 4 
1 4 99 
1 5 99 
1 6 99 
2 6 99 
3 6 99 
4 7 7 
5 7 1 
6 7 5 
0 7
Ouput:
7 

MCMF:

CP4 9.23
Input:
6 7
0 1 20 
1 2 10 
1 3 10 
1 4 10 
2 4 10 
3 4 10 
4 5 20 
0 5
Ouput:
20 

CP4 9.24 UVa 10746
Input:
9 19
0 1 1 
0 2 1 
0 3 1 
1 4 1 
1 5 1 
1 6 1 
1 7 1 
2 4 1 
2 5 1 
2 6 1 
2 7 1 
3 4 1 
3 5 1 
3 6 1 
3 7 1 
4 8 1 
5 8 1 
6 8 1 
7 8 1 
0 8
Ouput:
3